0.923821498387438	0.8901131649243511
0.993821027992488	0.8345060803315859
0.9136262822640919	0.8345060803315859
0.9261100987860829	0.8345060803315859
0.9526570904311293	0.8345060803315859
0.9824152122586258	0.8345060803315859
0.923821498387438	0.8306426063125135
0.9391401145221232	0.8415059734004716
0.9113883080221261	0.8345060803315859
0.9263189149975732	0.8345060803315859
0.9622684450365699	0.8345060803315859
0.9391401145221232	0.8322565932397589
0.923821498387438	0.8573766528692582
0.9322129605067992	0.8345060803315859
0.9150089404100481	0.8345060803315859
0.9391401145221232	0.92960534613157
0.9600456223972356	0.8345060803315859
0.9458344371216836	0.8345060803315859
0.9391401145221232	0.9607178726303441
0.9391401145221232	0.9254872288668464
0.9876681947356694	0.8345060803315859
0.9550762678762894	0.8345060803315859
0.9703213265928226	0.8345060803315859
0.9724147821527103	0.8345060803315859
0.9391401145221232	0.98782613996167
0.9174001436418129	0.8345060803315859
0.9873767193529379	0.8345060803315859
0.9312066922055353	0.8345060803315859
0.923821498387438	0.9313918562254019
0.9144088721382526	0.8345060803315859
0.9314954468747763	0.8345060803315859
0.9437207909560552	0.8345060803315859
0.9391401145221232	0.8880413764077818
0.9334400096239226	0.8345060803315859
0.9974964871762872	0.8345060803315859
0.9391401145221232	0.8551657027598346
0.923821498387438	0.8817020726740382
0.923821498387438	0.8848652267744225
0.9932945216646518	0.8345060803315859
0.9391401145221232	0.9712308559609647
0.9391401145221232	0.8947217709627261
0.9391401145221232	0.8310521201324054
0.923821498387438	0.9018276508036452
0.977147589429668	0.8345060803315859
0.9905867494721343	0.8345060803315859
0.923821498387438	0.9720254641834002
0.9391401145221232	0.9523307845797447
0.9698137129779312	0.8345060803315859
0.9391401145221232	0.98550593672356
0.9901712954024258	0.8345060803315859
0.9649593063976096	0.8345060803315859
0.919184446590328	0.8345060803315859
0.9391401145221232	0.9202505085034153
0.9965858906245606	0.8345060803315859
0.9717974917032859	0.8345060803315859
0.9106255001592878	0.8345060803315859
0.923821498387438	0.8345060803315859
0.9139943288225585	0.8345060803315859
0.923821498387438	0.8509747264986952
0.923821498387438	0.9074220377330008
0.9886466277366122	0.8345060803315859
0.961295082035698	0.8345060803315859
0.923821498387438	0.9204532830907713
0.923821498387438	0.8645963968678513
0.9704217549270724	0.8345060803315859
0.9319985457698585	0.8345060803315859
0.9523574337496885	0.8345060803315859
0.9995371365586454	0.8345060803315859
0.923821498387438	0.9713568937619911
0.923821498387438	0.8355467177956203
0.9607173738802408	0.8345060803315859
0.923821498387438	0.9780737770140805
0.923821498387438	0.9528531462758324
0.9234307911099848	0.8345060803315859
0.923821498387438	0.9846249241038735
0.9719036039085269	0.8345060803315859
0.9391401145221232	0.8742018011423273
0.9391401145221232	0.9849984875887002
0.923821498387438	0.985568811587792
0.9391401145221232	0.9913150773286233
0.923821498387438	0.8544012053241824
0.9505847663898113	0.8345060803315859
0.9787649871163464	0.8345060803315859
0.923821498387438	0.9692302027263379
0.923821498387438	0.8953535354237042
0.9303151086955612	0.8345060803315859
0.9391401145221232	0.9394418201382603
0.9391401145221232	0.9918302899616834
0.9391401145221232	0.9886910534227132
0.9095653884361936	0.8345060803315859
0.9458064762961458	0.8345060803315859
0.9391401145221232	0.8820314153527568
0.9391401145221232	0.8452519677241755
0.9440953589045393	0.8345060803315859
0.9391401145221232	0.9155714686618904
0.923821498387438	0.8387956878784156
0.9391401145221232	0.8670591773022834
0.923821498387438	0.8566756054856545
0.923821498387438	0.9802714202471167
0.923821498387438	0.8345060803315859