0.9720105361672263	0.8345060803315859
0.9095653884361936	0.9627429554619001
0.9535308727311647	0.8345060803315859
0.9395513693274946	0.8345060803315859
0.9095653884361936	0.8808786234189202
0.9174001436418128	0.9540865104418353
0.99732557557595	0.8345060803315859
0.9174001436418128	0.9983879838237885
0.9174001436418128	0.8489263827059664
0.9994358567285614	0.8345060803315859
0.9486701682747917	0.8345060803315859
0.9174001436418128	0.8606211423404461
0.9576102784648265	0.8345060803315859
0.9689709801380113	0.8345060803315859
0.9095653884361936	0.9117071415971542
0.9174001436418128	0.9091047367295683
0.9095653884361936	0.8767989124991699
0.9095653884361936	0.8780643996978256
0.9095653884361936	0.990829561580583
0.9095653884361936	0.9827489479540578
0.9999098563006573	0.8345060803315859
0.9174001436418128	0.9153441741590175
0.9095653884361936	0.9570940128627651
0.9174001436418128	0.9098456225260724
0.9095653884361936	0.9145422096148147
0.9543426809670601	0.8345060803315859
0.9174001436418128	0.8345060803315859
0.930863644799788	0.8345060803315859
0.9174001436418128	0.8335073453030563
0.9509419747293365	0.8345060803315859
0.9095653884361936	0.9093404915626729
0.9868513165796423	0.8345060803315859
0.9167894559446124	0.8345060803315859
0.9095653884361936	0.9221170743354438
0.9174001436418128	0.9342958982805615
0.9095653884361936	0.996208910614267
0.9384466055216765	0.8345060803315859
0.9174001436418128	0.885852573026464
0.9174001436418128	0.9271591837328937
0.9174001436418128	0.8793692922744231
0.9743553126677408	0.8345060803315859
0.9853696862069793	0.8345060803315859
0.9451376714005184	0.8345060803315859
0.9174001436418128	0.9543705665785164
0.9190206012773074	0.8345060803315859
0.9218453340696985	0.8345060803315859
0.9095653884361936	0.9595284998396992
0.9095653884361936	0.8915255052342069
0.9095653884361936	0.9210378451590749
0.9097543356577656	0.8345060803315859
0.9181308795119969	0.8345060803315859
0.9740857305928606	0.8345060803315859
0.9174001436418128	0.8712304095232316
0.9174001436418128	0.8316817377749083
0.9174001436418128	0.948683036365476
0.9148208874259525	0.8345060803315859
0.9174001436418128	0.9209837000063582
0.9534913519223348	0.8345060803315859
0.9174001436418128	0.8453705572225289
0.912548387342022	0.8345060803315859
0.9631539843517978	0.8345060803315859
0.9095653884361936	0.8763969728090181
0.9466122216032866	0.8345060803315859
0.9095653884361936	0.9228590206212662
0.9095653884361936	0.925571993425658
0.9174001436418128	0.9982817993865863
0.9282002095791719	0.8345060803315859
0.9095653884361936	0.985741144586653
0.9452740966495353	0.8345060803315859
0.9196086277543923	0.8345060803315859
0.9158145878171964	0.8345060803315859
0.9797061214988452	0.8345060803315859
0.9543902925044919	0.8345060803315859
0.9095653884361936	0.8804291790044613
0.9095653884361936	0.9141828189324496
0.9507786654811402	0.8345060803315859
0.9095653884361936	0.8391043611185093
0.9095653884361936	0.8339196843409226
0.9394362767309223	0.8345060803315859
0.9882936817265189	0.8345060803315859
0.9407798210537897	0.8345060803315859
0.9379518111063669	0.8345060803315859
0.988588468201263	0.8345060803315859
0.9174001436418128	0.9155375296139517
0.9095653884361936	0.9825896992035194
0.9174001436418128	0.9093403963801961
0.9174001436418128	0.9065725141256588
0.9174001436418128	0.9560542440029786
0.9973264113180556	0.8345060803315859
0.9175781850922174	0.8345060803315859
0.9115057126764277	0.8345060803315859
0.9174001436418128	0.9125021639253431
0.9316834244611355	0.8345060803315859
0.9523518475259829	0.8345060803315859
0.9095653884361936	0.8379793633226763
0.9174001436418128	0.8306601307731002
0.9095653884361936	0.9200261227585768