0.9391401145221233	0.926152419511023	
0.9391401145221233	0.8800733294519619	
0.9391401145221233	0.8743741694687623	
0.9391401145221233	0.8846976497507636	
0.9391401145221233	0.9389904480601763	
0.9391401145221233	0.8345060803315859	
0.9391401145221233	0.9723016401586148	
0.9391401145221233	0.8873802512663908	
0.9391401145221233	0.962673564355708	
0.9391401145221233	0.8885694141731061	
0.9619883820834462	0.926152419511023	
0.9619883820834462	0.8800733294519619	
0.9619883820834462	0.8743741694687623	
0.9619883820834462	0.8846976497507636	
0.9619883820834462	0.9389904480601763	
0.9619883820834462	0.8345060803315859	
0.9619883820834462	0.9723016401586148	
0.9619883820834462	0.8873802512663908	
0.9619883820834462	0.962673564355708	
0.9619883820834462	0.8885694141731061	
0.9664856882418946	0.926152419511023	
0.9664856882418946	0.8800733294519619	
0.9664856882418946	0.8743741694687623	
0.9664856882418946	0.8846976497507636	
0.9664856882418946	0.9389904480601763	
0.9664856882418946	0.8345060803315859	
0.9664856882418946	0.9723016401586148	
0.9664856882418946	0.8873802512663908	
0.9664856882418946	0.962673564355708	
0.9664856882418946	0.8885694141731061	
0.955722405664206	0.926152419511023	
0.955722405664206	0.8800733294519619	
0.955722405664206	0.8743741694687623	
0.955722405664206	0.8846976497507636	
0.955722405664206	0.9389904480601763	
0.955722405664206	0.8345060803315859	
0.955722405664206	0.9723016401586148	
0.955722405664206	0.8873802512663908	
0.955722405664206	0.962673564355708	
0.955722405664206	0.8885694141731061	
0.9963971283539432	0.926152419511023	
0.9963971283539432	0.8800733294519619	
0.9963971283539432	0.8743741694687623	
0.9963971283539432	0.8846976497507636	
0.9963971283539432	0.9389904480601763	
0.9963971283539432	0.8345060803315859	
0.9963971283539432	0.9723016401586148	
0.9963971283539432	0.8873802512663908	
0.9963971283539432	0.962673564355708	
0.9963971283539432	0.8885694141731061	
0.9690021420536598	0.926152419511023	
0.9690021420536598	0.8800733294519619	
0.9690021420536598	0.8743741694687623	
0.9690021420536598	0.8846976497507636	
0.9690021420536598	0.9389904480601763	
0.9690021420536598	0.8345060803315859	
0.9690021420536598	0.9723016401586148	
0.9690021420536598	0.8873802512663908	
0.9690021420536598	0.962673564355708	
0.9690021420536598	0.8885694141731061	
0.9412962766277272	0.926152419511023	
0.9412962766277272	0.8800733294519619	
0.9412962766277272	0.8743741694687623	
0.9412962766277272	0.8846976497507636	
0.9412962766277272	0.9389904480601763	
0.9412962766277272	0.8345060803315859	
0.9412962766277272	0.9723016401586148	
0.9412962766277272	0.8873802512663908	
0.9412962766277272	0.962673564355708	
0.9412962766277272	0.8885694141731061	
0.9238214983874381	0.926152419511023	
0.9238214983874381	0.8800733294519619	
0.9238214983874381	0.8743741694687623	
0.9238214983874381	0.8846976497507636	
0.9238214983874381	0.9389904480601763	
0.9238214983874381	0.8345060803315859	
0.9238214983874381	0.9723016401586148	
0.9238214983874381	0.8873802512663908	
0.9238214983874381	0.962673564355708	
0.9238214983874381	0.8885694141731061	
0.9633729278915596	0.926152419511023	
0.9633729278915596	0.8800733294519619	
0.9633729278915596	0.8743741694687623	
0.9633729278915596	0.8846976497507636	
0.9633729278915596	0.9389904480601763	
0.9633729278915596	0.8345060803315859	
0.9633729278915596	0.9723016401586148	
0.9633729278915596	0.8873802512663908	
0.9633729278915596	0.962673564355708	
0.9633729278915596	0.8885694141731061	
0.9607672451025926	0.926152419511023	
0.9607672451025926	0.8800733294519619	
0.9607672451025926	0.8743741694687623	
0.9607672451025926	0.8846976497507636	
0.9607672451025926	0.9389904480601763	
0.9607672451025926	0.8345060803315859	
0.9607672451025926	0.9723016401586148	
0.9607672451025926	0.8873802512663908	
0.9607672451025926	0.962673564355708	
0.9607672451025926	0.8885694141731061	
