0.9453164384346214 	0.8345060803315859 	
0.9537724179857464 	0.8345060803315859 	
0.9095653884361936 	0.8345060803315859 	
0.9452874230736812 	0.8345060803315859 	
0.9651940839319005 	0.8345060803315859 	
0.9119816519104604 	0.8345060803315859 	
0.9095653884361936 	0.8959865805952629 	
0.943288306139063 	0.8345060803315859 	
0.9170789114910306 	0.8345060803315859 	
0.9486766239866924 	0.8345060803315859 	
0.9095653884361936 	0.9371356109992968 	
0.9095653884361936 	0.89452647859574 	
0.9097543356577656 	0.8441588586600598 	
0.9095653884361936 	0.8767301863829238 	
0.9097543356577656 	0.8850441001485877 	
0.9097543356577656 	0.9355033954964183 	
0.9455786386501814 	0.8345060803315859 	
0.9744453085418351 	0.8345060803315859 	
0.9095653884361936 	0.8625361704295016 	
0.9097543356577656 	0.9438564966211329 	
0.9095653884361936 	0.83448623479876 	
0.9097543356577656 	0.8396154279589129 	
0.9097543356577656 	0.975318771618538 	
0.9260146040662744 	0.8345060803315859 	
0.9901496821929012 	0.8345060803315859 	
0.9097543356577656 	0.8563157677929167 	
0.9122422864459255 	0.8345060803315859 	
0.9601484262026816 	0.8345060803315859 	
0.9097543356577656 	0.985114628079209 	
0.9566944741997319 	0.8345060803315859 	
0.9892495370255964 	0.8345060803315859 	
0.9095653884361936 	0.8772398031738611 	
0.9095653884361936 	0.9108759136596111 	
0.9787319505793999 	0.8345060803315859 	
0.9242843875850439 	0.8345060803315859 	
0.9097543356577656 	0.8851070370340578 	
0.9743125552016951 	0.8345060803315859 	
0.9095653884361936 	0.97285005752953 	
0.9095653884361936 	0.8757583199273774 	
0.9095653884361936 	0.9032168231694471 	
0.9095653884361936 	0.9297795608025577 	
0.950113446539843 	0.8345060803315859 	
0.9415097687107824 	0.8345060803315859 	
0.9905955109987713 	0.8345060803315859 	
0.9095653884361936 	0.8625093166676817 	
0.9095653884361936 	0.8945303121109527 	
0.9095653884361936 	0.8434569511228555 	
0.9480796685712427 	0.8345060803315859 	
0.9095653884361936 	0.9588871638752963 	
0.9496784398816954 	0.8345060803315859 	
0.9097543356577656 	0.9028239403195595 	
0.9249770742301652 	0.8345060803315859 	
0.9964989832217023 	0.8345060803315859 	
0.9095653884361936 	0.8844848149579128 	
0.9097543356577656 	0.8946450901548159 	
0.9095653884361936 	0.8520227864130528 	
0.9095653884361936 	0.8568265138685027 	
0.9296438550322137 	0.8345060803315859 	
0.9095653884361936 	0.8604268109719531 	
0.9770126727627655 	0.8345060803315859 	
0.9846029333376303 	0.8345060803315859 	
0.9961111854185806 	0.8345060803315859 	
0.9095653884361936 	0.8847416366295798 	
0.9872712300821679 	0.8345060803315859 	
0.9095653884361936 	0.9001977567474032 	
0.9097543356577656 	0.9241359099229042 	
0.9095653884361936 	0.8345060803315859 	
0.9647045151458619 	0.8345060803315859 	
0.9517825365731322 	0.8345060803315859 	
0.9095653884361936 	0.8521905566581606 	
0.9412929839340863 	0.8345060803315859 	
0.9947911092259051 	0.8345060803315859 	
0.9783246919167791 	0.8345060803315859 	
0.9331092344713385 	0.8345060803315859 	
0.967718618644802 	0.8345060803315859 	
0.9097543356577656 	0.8550610072415328 	
0.9095653884361936 	0.900984371713352 	
0.9097543356577656 	0.9968211986645991 	
0.9891782701603465 	0.8345060803315859 	
0.9097543356577656 	0.9214897527213642 	
0.9095653884361936 	0.8636130813737751 	
0.995259143370157 	0.8345060803315859 	
0.9095653884361936 	0.9643010599893693 	
0.9422062840047235 	0.8345060803315859 	
0.9977233987905434 	0.8345060803315859 	
0.9097543356577656 	0.9656637269347804 	
0.9097543356577656 	0.9096305578344682 	
0.9095653884361936 	0.8659144063809062 	
0.9416481374469989 	0.8345060803315859 	
0.9097543356577656 	0.9192765910074743 	
0.9683647088204954 	0.8345060803315859 	
0.9676476503549033 	0.8345060803315859 	
0.9683445283263722 	0.8345060803315859 	
0.9095653884361936 	0.8672291084474212 	
0.9174934760824577 	0.8345060803315859 	
0.9460733429210997 	0.8345060803315859 	
0.9097543356577656 	0.8880456128476625 	
0.9830329571972347 	0.8345060803315859 	
0.9846399565551792 	0.8345060803315859 	
0.9095653884361936 	0.8345060803315859 	
